0 0.537406 0.643671 0.0876362 0.386254
0 0.31816 0.576525 0.0643744 0.298543
0 0.664154 0.613573 0.103675 0.320072
0 0.194083 0.5498 0.0523006 0.275839
0 0.259867 0.493233 0.0457762 0.206409
0 0.559387 0.169111 0.0982109 0.0613717
0 0.530059 0.258221 0.117602 0.0665838
0 0.179926 0.591978 0.0916868 0.370199
0 0.537645 0.555615 0.0667603 0.231901
0 0.18918 0.500021 0.0543283 0.184762
0 0.269678 0.490627 0.0590712 0.202506
0 0.80877 0.581961 0.352354 0.626137
0 0.508177 0.259922 0.119007 0.0752759
0 0.103047 0.539307 0.206095 0.553429
0 0.484596 0.265394 0.155595 0.0993174
0 0.324477 0.834472 0.563617 0.331057
0 0.448991 0.227001 0.671308 0.0900978
0 0.164063 0.00987109 0.328125 0.0197422
0 0.764319 0.965209 0.223849 0.069582
0 0.827599 0.49866 0.344803 0.578212
0 0.0764571 0.943335 0.152914 0.11333
0 0.415619 0.855458 0.369432 0.266071
0 0.617044 0.197415 0.437242 0.124364
0 0.477492 0.379412 0.954985 0.567144
0 0.308794 0.75638 0.519336 0.484933
0 0.432337 0.212632 0.568378 0.111096
0 0.814803 0.967064 0.240745 0.0658728
0 0.850192 0.0163559 0.299616 0.0327118
0 0.630355 0.247229 0.518872 0.0903276
0 0.0815398 0.0121943 0.16308 0.0243887
0 0.314007 0.240617 0.176007 0.0256844
0 0.111386 0.870857 0.222771 0.258258
0 0.244523 0.00973597 0.489047 0.0194719
0 0.835978 0.0604955 0.328043 0.120991
0 0.112303 0.630766 0.224607 0.465848
0 0.769406 0.521536 0.461187 0.583526
0 0.717965 0.0127529 0.56407 0.0255057
0 0.407666 0.27214 0.815332 0.54428
0 0.376016 0.779522 0.424965 0.440956
0 0.544004 0.354535 0.757068 0.360398
0 0.482847 0.0101867 0.580682 0.0203733
0 0.783403 0.092078 0.433194 0.147627
0 0.707621 0.936387 0.182266 0.127226
0 0.430477 0.171316 0.037805 0.0415658
0 0.178013 0.631652 0.334987 0.42996
0 0.822018 0.0138255 0.355965 0.0276511
0 0.201475 0.923606 0.392956 0.146343
0 0.585578 0.179072 0.483012 0.140551
0 0.123796 0.429015 0.247593 0.597444
0 0.726921 0.0415759 0.546157 0.0831519
0 0.497066 0.207901 0.639715 0.130691
0 0.324336 0.0102023 0.648671 0.0204047
0 0.435717 0.00901292 0.744623 0.0180258
0 0.850677 0.944982 0.292313 0.110036
0 0.507656 0.165258 0.575477 0.10545
0 0.851962 0.0338911 0.296077 0.0677821
0 0.803552 0.0492282 0.392896 0.0984563
0 0.474723 0.204034 0.752816 0.20872
0 0.270301 0.871858 0.502757 0.256284
0 0.573333 0.0550227 0.395076 0.0732491
0 0.170504 0.443989 0.341007 0.408782
0 0.865361 0.522414 0.269278 0.51689
0 0.846823 0.085415 0.306354 0.161473
0 0.558492 0.258227 0.0620108 0.0650103
0 0.13463 0.890725 0.26926 0.21855
0 0.226392 0.156256 0.452785 0.294052
0 0.697062 0.141322 0.605875 0.271631
0 0.405295 0.668476 0.278968 0.453125
0 0.687166 0.478287 0.625668 0.689948
0 0.267627 0.821027 0.533732 0.243111
0 0.63496 0.0129096 0.669274 0.0258193
0 0.417851 0.914125 0.310544 0.171751
0 0.310783 0.913059 0.473464 0.173883
0 0.623254 0.245479 0.675103 0.25929
0 0.541458 0.224654 0.38008 0.14698
0 0.82943 0.8078 0.341139 0.374671
0 0.175713 0.46119 0.351426 0.272118
0 0.261189 0.0694463 0.522378 0.138893
0 0.475377 0.231585 0.675912 0.170849
0 0.185375 0.894586 0.370749 0.206241
0 0.110734 0.537441 0.221468 0.251752
0 0.246157 0.929009 0.328648 0.141982
0 0.661981 0.925519 0.181292 0.148962
0 0.10951 0.249938 0.219019 0.44956
0 0.239292 0.366762 0.478585 0.631692
0 0.215228 0.836937 0.424134 0.214806
0 0.437447 0.38642 0.872816 0.338872
0 0.623344 0.0118491 0.64713 0.0236983
0 0.492368 0.0585286 0.738506 0.117057
0 0.0840039 0.861089 0.168008 0.277823
0 0.106187 0.158531 0.212373 0.317063
0 0.825304 0.909507 0.321128 0.178814
0 0.583493 0.330684 0.751548 0.469648
0 0.756337 0.732508 0.485203 0.534985
0 0.88147 0.175052 0.23706 0.268056
0 0.0468272 0.459063 0.0936544 0.619838
0 0.828285 0.890537 0.34343 0.218925
0 0.280467 0.569373 0.131699 0.319365
0 0.106384 0.104394 0.212768 0.208788
0 0.695301 0.369416 0.609398 0.495772
0 0.195631 0.801957 0.391263 0.32098
0 0.613994 0.92046 0.200671 0.159079
0 0.512364 0.594196 0.467241 0.320112
0 0.479389 0.12176 0.67579 0.134897
0 0.544105 0.466994 0.670697 0.29491
0 0.902048 0.632039 0.195905 0.467871
0 0.803419 0.75499 0.350983 0.490021
0 0.842012 0.192303 0.315977 0.169217
0 0.108229 0.333995 0.216458 0.534739
0 0.863033 0.57618 0.273934 0.692594
0 0.897598 0.548706 0.204804 0.423088
0 0.851494 0.903169 0.297012 0.193661
0 0.0944263 0.963271 0.188853 0.0734587
0 0.496454 0.489329 0.91306 0.341034
0 0.411024 0.918431 0.204866 0.163139
0 0.559843 0.918325 0.212218 0.16335
0 0.348466 0.922133 0.224914 0.155733
0 0.216488 0.47828 0.108412 0.244013
0 0.0873039 0.642603 0.174608 0.545289
0 0.458738 0.917744 0.202012 0.164512
0 0.500192 0.917958 0.218201 0.164083
0 0.890789 0.23653 0.218423 0.332658
0 0.280462 0.463085 0.269283 0.254577
0 0.0845404 0.73541 0.169081 0.52918
0 0.851473 0.252186 0.297054 0.272109
0 0.120497 0.935531 0.240994 0.128938
0 0.483973 0.142357 0.793971 0.202446
0 0.397781 0.590801 0.22475 0.320043
0 0.0567252 0.478153 0.11345 0.737475
0 0.522512 0.144242 0.620697 0.178855
0 0.326882 0.329907 0.653764 0.593744
0 0.593586 0.629809 0.200917 0.357706
0 0.075554 0.409545 0.151108 0.643792
0 0.113481 0.7905 0.226963 0.394904
0 0.386575 0.201385 0.77315 0.402771
0 0.874233 0.104053 0.251534 0.208106
0 0.777135 0.907482 0.244467 0.185036
0 0.852054 0.085694 0.295893 0.171388
0 0.913481 0.725831 0.173038 0.51823
0 0.619526 0.493796 0.492964 0.2639
0 0.81764 0.257268 0.364719 0.287708
0 0.391022 0.570207 0.173672 0.292255
0 0.466429 0.459967 0.638223 0.25644
0 0.800041 0.416626 0.399918 0.555007
0 0.849188 0.891349 0.301623 0.214204
0 0.425906 0.620393 0.294131 0.35749
0 0.582787 0.151085 0.693541 0.251032
0 0.322084 0.18902 0.644168 0.340934
0 0.137861 0.857166 0.275721 0.240671
0 0.709161 0.210363 0.581677 0.315151
0 0.385953 0.917152 0.174875 0.165695
0 0.868423 0.854999 0.263153 0.283431
0 0.608797 0.196503 0.666192 0.246323
0 0.147751 0.558756 0.158215 0.300683
0 0.909632 0.334771 0.180735 0.369436
0 0.579988 0.0751336 0.70845 0.146992
0 0.156487 0.715426 0.312975 0.491921
0 0.67506 0.240557 0.649881 0.431722
0 0.401088 0.169688 0.769101 0.291398
0 0.800896 0.176496 0.398208 0.174859
0 0.910754 0.479625 0.178493 0.424283
0 0.440919 0.449002 0.881839 0.298175
0 0.660208 0.0551781 0.679584 0.110356
0 0.718726 0.295806 0.562548 0.373028
0 0.143798 0.802894 0.287596 0.282777
0 0.371603 0.0388876 0.743205 0.0777753
0 0.732024 0.902568 0.263793 0.194864
0 0.115703 0.239246 0.231406 0.317805
0 0.371305 0.258394 0.507102 0.0825476
0 0.255092 0.506764 0.0288873 0.215454
0 0.313346 0.0567109 0.626692 0.113422
0 0.670326 0.912747 0.237481 0.174505
0 0.591959 0.70244 0.24498 0.539802
0 0.887441 0.433595 0.225118 0.408981
0 0.486121 0.914491 0.271279 0.171018
0 0.472297 0.0452108 0.830288 0.0896038
0 0.533774 0.172739 0.0513586 0.0545908
0 0.852702 0.420848 0.294596 0.470404
0 0.852584 0.333722 0.294832 0.364524
0 0.317501 0.577614 0.178436 0.301264
0 0.884496 0.825962 0.231008 0.339423
0 0.849328 0.669366 0.301344 0.661267
0 0.45966 0.507721 0.470588 0.216121
0 0.720775 0.910354 0.173847 0.179292
0 0.11555 0.319084 0.231101 0.402308
0 0.192307 0.339235 0.384614 0.487655
0 0.511022 0.632175 0.149604 0.392535
0 0.895449 0.64732 0.209102 0.705359
0 0.447159 0.718218 0.271631 0.273726
0 0.526024 0.0630702 0.413721 0.0741159
0 0.244714 0.484651 0.148733 0.238586
0 0.546375 0.0426726 0.398926 0.0833638
0 0.647631 0.715029 0.434135 0.569941
0 0.472206 0.917534 0.146806 0.164933
0 0.787835 0.683874 0.351239 0.463329
0 0.478895 0.510201 0.37895 0.292077
0 0.874289 0.715837 0.251422 0.568326
0 0.506848 0.265439 0.160948 0.0565142
0 0.599954 0.553749 0.206061 0.208071
0 0.610212 0.0373773 0.363448 0.0711662
0 0.353484 0.913365 0.0724674 0.153924
0 0.481491 0.575948 0.190142 0.253999
0 0.534049 0.187901 0.0548235 0.0281658
0 0.677038 0.911374 0.150893 0.177253
0 0.427221 0.91195 0.141689 0.161977
0 0.291481 0.234773 0.582962 0.469546
0 0.630462 0.912662 0.15923 0.174675
0 0.579798 0.915899 0.144075 0.168202
0 0.216529 0.918046 0.168236 0.160669
0 0.516024 0.916284 0.146903 0.167431
0 0.2095 0.217718 0.419 0.362547
0 0.647483 0.69127 0.188823 0.514422
0 0.305216 0.915353 0.0933907 0.153252
0 0.329193 0.914652 0.0819077 0.153186
0 0.632725 0.180191 0.208919 0.0813686
0 0.535888 0.212411 0.180844 0.0443365
0 0.321072 0.125131 0.194752 0.0640029
0 0.411504 0.167888 0.0709995 0.0416482
0 0.102122 0.00299358 0.204244 0.00598716
0 0.541095 0.521936 0.0835241 0.181584
0 0.802791 0.612638 0.394419 0.394301
0 0.407412 0.483246 0.0506035 0.193675
0 0.51841 0.0541282 0.515467 0.0898356
0 0.322962 0.0579966 0.442776 0.0917948
0 0.626341 0.533916 0.141596 0.172756
0 0.299133 0.00539333 0.359241 0.0107867
0 0.479632 0.26406 0.0530853 0.0505516
0 0.265303 0.558793 0.0478904 0.305217
0 0.121353 0.00983496 0.242707 0.0196699
0 0.584786 0.179596 0.168325 0.0723973
0 0.504578 0.166478 0.217713 0.0674536
0 0.309598 0.502905 0.0642223 0.205543
0 0.145971 0.0367776 0.13093 0.0727824
0 0.545499 0.189602 0.077895 0.0248058
0 0.520734 0.25777 0.0515543 0.0628015
0 0.181653 0.511585 0.0695114 0.201703
0 0.353694 0.00677238 0.365654 0.0135448
0 0.746692 0.00628864 0.376106 0.0125773
0 0.152671 0.0548528 0.113598 0.107117
0 0.0697529 0.00424787 0.139506 0.00849575
0 0.31432 0.254466 0.334802 0.0442463
0 0.504428 0.77396 0.118637 0.121435
0 0.308056 0.224556 0.200857 0.0557288
0 0.149886 0.0152034 0.266986 0.0304067
0 0.668752 0.00690062 0.329638 0.0138012
0 0.239501 0.00368562 0.335168 0.00737124
0 0.313012 0.199116 0.191191 0.108133
0 0.921493 0.307088 0.157015 0.187652
0 0.391064 0.0701688 0.481427 0.0807745
0 0.381474 0.0365105 0.470725 0.0676703
0 0.527355 0.548484 0.100517 0.200995
0 0.319642 0.0687592 0.362014 0.0911573
0 0.424444 0.0546772 0.538421 0.0914873
0 0.543687 0.546444 0.0560255 0.192136
0 0.299535 0.251757 0.240066 0.0368477
0 0.309946 0.0381912 0.424931 0.0713458
0 0.0396592 0.99775 0.0793184 0.00450077
0 0.877925 0.00250126 0.24415 0.00500253
0 0.406552 0.00976686 0.393616 0.0195337
0 0.412792 0.300787 0.298727 0.0585351
0 0.0503453 0.500714 0.0945236 0.214962
0 0.469837 0.0417951 0.480051 0.0835108
0 0.659271 0.570535 0.0993361 0.238608
0 0.563616 0.24019 0.349998 0.0356981
0 0.186774 0.00681341 0.317729 0.0136268
0 0.495917 0.244836 0.204354 0.0899099
0 0.416211 0.476035 0.0758051 0.197963
0 0.570069 0.167507 0.129262 0.0694398
0 0.816719 0.00492587 0.339586 0.00985174
0 0.522676 0.00658559 0.322617 0.0131712
0 0.559495 0.112272 0.403083 0.0646747
0 0.159808 0.223971 0.0793953 0.257885
0 0.330411 0.104575 0.307653 0.104432
0 0.576672 0.0998811 0.402109 0.0473289
0 0.293753 0.497568 0.0667314 0.204042
0 0.419478 0.378607 0.251861 0.0875493
0 0.284163 0.917025 0.100086 0.150241
0 0.58904 0.1793 0.282864 0.0806149
0 0.0988531 0.439909 0.0631596 0.234312
0 0.575861 0.00800921 0.363143 0.0160184
0 0.382309 0.913057 0.0807017 0.155017
0 0.65499 0.539182 0.0852831 0.173606
0 0.681033 0.0252731 0.426183 0.0483038
0 0.407857 0.912592 0.090995 0.157013
0 0.773366 0.634738 0.316167 0.228894
0 0.506869 0.91435 0.0626514 0.152906
0 0.260409 0.0304232 0.46126 0.0578305
0 0.262911 0.918055 0.179146 0.15936
0 0.534236 0.255783 0.0788046 0.0601934
0 0.618485 0.253152 0.267428 0.059372
0 0.993916 0.685555 0.0121675 0.337127
0 0.856535 0.0338349 0.286931 0.0676697
0 0.529109 0.163487 0.0362558 0.0438744
0 0.744632 0.565363 0.171276 0.238579
0 0.472969 0.0662988 0.570961 0.0823495
0 0.0939049 0.100005 0.170036 0.18904
0 0.558016 0.259987 0.136389 0.0548326
0 0.980891 0.575185 0.0382172 0.183132
0 0.562271 0.912697 0.0703119 0.150803
0 0.538822 0.648328 0.0522101 0.372779
