0 0.75857 0.493761 0.0615265 0.248265
0 0.146929 0.55065 0.0543684 0.257144
0 0.425971 0.660377 0.0758524 0.399805
0 0.331981 0.544748 0.0723911 0.312633
0 0.0321635 0.576497 0.0533761 0.301838
0 0.0871265 0.505916 0.041391 0.186998
0 0.550159 0.25529 0.136514 0.0782933
0 0.627037 0.584938 0.544887 0.32153
0 0.582816 0.156871 0.0952875 0.0578207
0 0.730872 0.495608 0.115629 0.251055
0 0.611707 0.532764 0.658233 0.281124
0 0.616543 0.645916 0.499427 0.364592
0 0.237434 0.808444 0.445605 0.202642
0 0.564927 0.51034 0.499265 0.26874
0 0.578729 0.255132 0.219776 0.0831591
0 0.104034 0.00873761 0.208068 0.0174752
0 0.526745 0.260625 0.387396 0.103053
0 0.0714942 0.0106281 0.142988 0.0212563
0 0.169592 0.00835682 0.339184 0.0167136
0 0.853012 0.0123676 0.293975 0.0247351
0 0.22128 0.907678 0.386596 0.157602
0 0.534689 0.267972 0.856942 0.110963
0 0.563476 0.200781 0.702665 0.200985
0 0.11101 0.871235 0.222021 0.25753
0 0.864454 0.971695 0.213866 0.05661
0 0.0824922 0.873175 0.164984 0.25365
0 0.45609 0.654864 0.142081 0.390874
0 0.815152 0.833488 0.369697 0.320053
0 0.521333 0.234107 0.780101 0.194527
0 0.621604 0.27526 0.707425 0.134322
0 0.585537 0.586078 0.491844 0.41388
0 0.504154 0.355998 0.918001 0.48722
0 0.0418425 0.675118 0.083685 0.521523
0 0.814965 0.976425 0.204804 0.0471498
0 0.337718 0.904155 0.182235 0.163834
0 0.632703 0.190425 0.364373 0.14407
0 0.834559 0.0516139 0.330882 0.103228
0 0.10885 0.707293 0.2177 0.558962
0 0.601442 0.222828 0.51206 0.162829
0 0.167242 0.830303 0.334484 0.28229
0 0.185884 0.651367 0.347113 0.455516
0 0.212827 0.00911106 0.425654 0.0182221
0 0.689175 0.00973144 0.62165 0.0194629
0 0.677795 0.231223 0.557778 0.151686
0 0.137126 0.544268 0.0622555 0.253222
0 0.507247 0.510252 0.932514 0.259432
0 0.494284 0.00856857 0.537421 0.0171371
0 0.193469 0.839558 0.386939 0.20871
0 0.590837 0.63557 0.641407 0.458905
0 0.318029 0.66797 0.300455 0.390466
0 0.652122 0.866701 0.551106 0.223264
0 0.858741 0.514567 0.282517 0.588603
0 0.761396 0.965773 0.193232 0.0684549
0 0.555499 0.169453 0.461687 0.125964
0 0.184519 0.121382 0.369038 0.242764
0 0.337534 0.901167 0.258453 0.157792
0 0.473943 0.255802 0.619911 0.0830329
0 0.487636 0.395097 0.975273 0.691721
0 0.210229 0.897462 0.406516 0.205076
0 0.0329686 0.577581 0.0659372 0.318611
0 0.798942 0.0963505 0.402115 0.137188
0 0.760123 0.0425632 0.479753 0.0851265
0 0.781655 0.0108834 0.436689 0.0217667
0 0.0954531 0.60952 0.190906 0.38624
0 0.852653 0.0230593 0.294693 0.0461185
0 0.371122 0.00845044 0.742244 0.0169009
0 0.706075 0.929803 0.1601 0.140395
0 0.846278 0.0927103 0.307444 0.154527
0 0.703571 0.0976564 0.592859 0.143551
0 0.65847 0.499101 0.577363 0.23316
0 0.849021 0.385227 0.301957 0.485102
0 0.684905 0.0391929 0.630191 0.0783857
0 0.700675 0.82504 0.598649 0.338325
0 0.678244 0.126514 0.643512 0.232765
0 0.102226 0.130583 0.204453 0.261166
0 0.571906 0.143354 0.720593 0.18493
0 0.249232 0.525069 0.322019 0.27686
0 0.134759 0.167117 0.269519 0.298844
0 0.752239 0.682602 0.495522 0.59701
0 0.473712 0.00901619 0.743819 0.0180324
0 0.240973 0.940993 0.403644 0.118013
0 0.341938 0.983618 0.33947 0.0327644
0 0.116758 0.81447 0.233516 0.331503
0 0.67916 0.868692 0.404385 0.210284
0 0.708061 0.407635 0.583877 0.686917
0 0.80403 0.46162 0.39194 0.675594
0 0.657566 0.9189 0.1459 0.162199
0 0.750967 0.496215 0.196432 0.230426
0 0.829839 0.616401 0.340322 0.750583
0 0.635502 0.00834235 0.680943 0.0166847
0 0.757745 0.455085 0.052739 0.162035
0 0.785579 0.90686 0.329908 0.179139
0 0.598655 0.773245 0.656879 0.364518
0 0.878735 0.929343 0.24253 0.141314
0 0.188175 0.877778 0.37635 0.18378
0 0.0909773 0.837358 0.181955 0.325285
0 0.586529 0.702086 0.688936 0.393051
0 0.694532 0.259596 0.610936 0.310968
0 0.117621 0.871732 0.235242 0.256535
0 0.875747 0.895584 0.248507 0.208831
0 0.0735106 0.636381 0.147021 0.445164
0 0.294361 0.981044 0.359419 0.0379116
0 0.555712 0.0433232 0.729741 0.0866464
0 0.889119 0.82628 0.221762 0.345439
0 0.52346 0.181712 0.67818 0.353839
0 0.132683 0.768034 0.265366 0.398165
0 0.110075 0.203127 0.22015 0.38379
0 0.237143 0.558727 0.273074 0.305034
0 0.586689 0.698304 0.477877 0.347497
0 0.602716 0.917594 0.155694 0.164812
0 0.833401 0.887823 0.272269 0.20592
0 0.869528 0.186444 0.260943 0.320033
0 0.297222 0.06055 0.594444 0.11916
0 0.868373 0.115652 0.263255 0.231303
0 0.865753 0.820984 0.268494 0.338318
0 0.732773 0.652833 0.355872 0.579077
0 0.0750507 0.541916 0.150101 0.224094
0 0.607226 0.533709 0.398112 0.326323
0 0.568228 0.0549532 0.40826 0.0725674
0 0.884339 0.242117 0.231322 0.349786
0 0.567115 0.169782 0.769483 0.260486
0 0.8418 0.199148 0.316401 0.218565
0 0.515552 0.237442 0.764852 0.474884
0 0.892894 0.526329 0.214211 0.435252
0 0.64348 0.349801 0.713041 0.540286
0 0.69045 0.203176 0.6191 0.224304
0 0.401023 0.977645 0.279299 0.0447092
0 0.11118 0.311984 0.22236 0.480049
0 0.913046 0.474552 0.173909 0.432423
0 0.545285 0.920882 0.161293 0.158236
0 0.769691 0.302168 0.460619 0.417256
0 0.850365 0.0848007 0.299271 0.169601
0 0.733684 0.909767 0.293184 0.171357
0 0.914458 0.581035 0.171085 0.442972
0 0.135243 0.84186 0.270487 0.231277
0 0.49041 0.45437 0.98082 0.442834
0 0.102147 0.417576 0.204293 0.579328
0 0.51019 0.0552063 0.756059 0.108308
0 0.484906 0.944417 0.185057 0.111165
0 0.310989 0.0797001 0.621977 0.158755
0 0.846137 0.260733 0.307727 0.290826
0 0.379874 0.182018 0.752775 0.319763
0 0.769624 0.899828 0.180599 0.183247
0 0.893572 0.34479 0.212855 0.43516
0 0.904364 0.406265 0.191272 0.447417
0 0.389984 0.0400613 0.779969 0.0801226
0 0.189445 0.54813 0.19671 0.266747
0 0.660715 0.496113 0.290291 0.255994
0 0.761125 0.493688 0.0402676 0.250111
0 0.14242 0.596418 0.28484 0.357254
0 0.676917 0.664059 0.63032 0.484427
0 0.132063 0.88086 0.264125 0.196353
0 0.293435 0.16953 0.586869 0.283112
0 0.641646 0.0485927 0.716707 0.0971853
0 0.638641 0.809842 0.722718 0.380315
0 0.0422948 0.440327 0.0845896 0.46419
0 0.672608 0.908822 0.269044 0.168032
0 0.326494 0.375311 0.652987 0.556219
0 0.89226 0.774766 0.215481 0.420419
0 0.490731 0.90589 0.175317 0.164952
0 0.883044 0.866076 0.233913 0.267692
0 0.558208 0.160441 0.0464447 0.0509089
0 0.903617 0.677949 0.192766 0.446441
0 0.587287 0.84719 0.330286 0.230338
0 0.215904 0.603186 0.33773 0.382312
0 0.459179 0.163027 0.0317928 0.0343267
0 0.0924013 0.551489 0.161055 0.272552
0 0.286387 0.904157 0.284813 0.167973
0 0.865719 0.289326 0.268561 0.322804
0 0.115642 0.200157 0.231284 0.293266
0 0.398167 0.56742 0.132059 0.204593
0 0.293614 0.525339 0.152568 0.269915
0 0.764055 0.503234 0.0917438 0.260382
0 0.79573 0.75642 0.40854 0.474298
0 0.396047 0.271281 0.792095 0.542562
0 0.874748 0.590349 0.250505 0.819303
0 0.347441 0.221532 0.159272 0.0292488
0 0.0941905 0.472665 0.188381 0.312757
0 0.0361747 0.549568 0.0723494 0.307386
0 0.597061 0.907499 0.215843 0.166954
0 0.329841 0.22608 0.659683 0.374705
0 0.478917 0.691609 0.18274 0.404061
0 0.710426 0.900113 0.116476 0.178698
0 0.571565 0.0404511 0.401676 0.0780192
0 0.560013 0.16612 0.0540834 0.0396843
0 0.549039 0.906048 0.18913 0.159406
0 0.229459 0.364969 0.458919 0.520704
0 0.64735 0.166592 0.227661 0.078674
0 0.779323 0.55373 0.103761 0.362351
0 0.0716807 0.446651 0.143361 0.344968
0 0.125101 0.444441 0.250202 0.421454
0 0.143942 0.477641 0.277845 0.347516
0 0.60729 0.0446992 0.335776 0.0656054
0 0.28001 0.216749 0.56002 0.303489
0 0.17209 0.543872 0.106424 0.267524
0 0.891337 0.704411 0.217327 0.591178
0 0.1407 0.420719 0.281399 0.370616
0 0.106897 0.00263699 0.213794 0.00527397
0 0.367829 0.662005 0.192841 0.40619
0 0.409364 0.904367 0.165881 0.160168
0 0.350674 0.230909 0.224465 0.0277622
0 0.0447509 0.577937 0.0794052 0.30708
0 0.124927 0.550005 0.0937238 0.273157
0 0.119614 0.368934 0.239228 0.383818
0 0.114595 0.296979 0.22919 0.346726
0 0.545203 0.0655175 0.441911 0.072868
0 0.658196 0.900163 0.0821898 0.175393
0 0.606673 0.108979 0.314207 0.0674894
0 0.35158 0.231861 0.151494 0.0266583
0 0.559413 0.175471 0.0566336 0.0259437
0 0.535177 0.266856 0.16099 0.0574916
0 0.380375 0.902532 0.24526 0.165302
0 0.316389 0.516319 0.0920322 0.252742
0 0.161091 0.257227 0.322182 0.282195
0 0.430062 0.136599 0.0672722 0.0263199
0 0.601542 0.901389 0.0897938 0.169823
0 0.592665 0.255062 0.348294 0.0746887
0 0.28088 0.00319314 0.34021 0.00638629
0 0.0322407 0.528301 0.0644814 0.196606
0 0.703084 0.00339068 0.348277 0.00678136
0 0.150666 0.57142 0.0427097 0.206353
0 0.427204 0.573587 0.0539287 0.224948
0 0.616515 0.0260182 0.332173 0.0490891
0 0.555119 0.902145 0.0815207 0.166056
0 0.0367947 0.526044 0.0541389 0.218387
0 0.553417 0.223002 0.161621 0.0339765
0 0.338376 0.193816 0.195662 0.070394
0 0.0743958 0.0043182 0.148792 0.0086364
0 0.311656 0.489514 0.0408491 0.203203
0 0.145447 0.00453911 0.290894 0.00907822
0 0.594029 0.161949 0.114753 0.0628584
0 0.347195 0.602682 0.0662748 0.353542
0 0.18177 0.00665219 0.339469 0.0133044
0 0.854089 0.0592056 0.291823 0.10945
0 0.334351 0.491385 0.0387989 0.206266
0 0.401205 0.279139 0.256658 0.0837119
0 0.144398 0.364896 0.288797 0.326167
0 0.369341 0.00511988 0.368145 0.0102398
0 0.246905 0.260824 0.49381 0.400931
0 0.561815 0.158557 0.160284 0.0537376
0 0.464486 0.907194 0.128913 0.154395
0 0.375367 0.0565053 0.460243 0.0795161
0 0.132213 0.0344545 0.264425 0.068271
0 0.389608 0.266091 0.299923 0.0882318
0 0.59835 0.26556 0.378327 0.0613163
0 0.360013 0.0386481 0.432559 0.0726012
0 0.595896 0.175956 0.14903 0.0578573
0 0.366868 0.534917 0.142113 0.30889
0 0.574199 0.218833 0.20873 0.0273793
0 0.540714 0.0512595 0.53464 0.0787923
0 0.519972 0.905643 0.0858234 0.162052
0 0.447067 0.260446 0.306383 0.0673362
0 0.447594 0.00609022 0.376287 0.0121804
0 0.146591 0.308058 0.293182 0.289741
0 0.66746 0.507676 0.24144 0.190087
0 0.455954 0.0380672 0.494542 0.0746832
0 0.67628 0.163674 0.35619 0.0780609
0 0.589494 0.216923 0.355812 0.0247146
0 0.787568 0.00403209 0.324238 0.00806418
0 0.639129 0.125085 0.240911 0.0875368
0 0.28911 0.0392845 0.42076 0.077209
0 0.581277 0.438707 0.088739 0.131621
0 0.543935 0.00487954 0.326991 0.00975908
0 0.0581139 0.512002 0.0535748 0.17148
0 0.389244 0.837932 0.162211 0.0551392
0 0.614838 0.172576 0.287639 0.0757313
0 0.475213 0.906051 0.10516 0.131113
0 0.588405 0.239674 0.33514 0.0554774
0 0.56113 0.178945 0.151243 0.0268954
0 0.0533355 0.999282 0.106671 0.00143566
0 0.343397 0.899513 0.122701 0.144199
0 0.669769 0.0320758 0.391978 0.0637321
0 0.182478 0.0549898 0.116604 0.105592
0 0.340763 0.473564 0.0474679 0.165034
0 0.655702 0.471936 0.254559 0.113089
0 0.624054 0.00400996 0.323145 0.00801992
0 0.554793 0.766175 0.358635 0.114812
0 0.397151 0.629328 0.103411 0.328532
0 0.5072 0.555633 0.226833 0.170055
0 0.526632 0.155905 0.232697 0.0568679
0 0.86981 0.00325664 0.260381 0.00651328
0 0.532449 0.902399 0.0807358 0.137444
0 0.396629 0.467167 0.102075 0.186199
0 0.424099 0.718445 0.128881 0.286723
0 0.203046 0.034917 0.185775 0.0695858
0 0.678094 0.53357 0.212126 0.174726
0 0.523382 0.135977 0.28602 0.0843899
0 0.113091 0.0913907 0.175776 0.171983
0 0.584334 0.899308 0.0804728 0.141316
0 0.35655 0.0685554 0.326746 0.0880521
0 0.617496 0.368068 0.346136 0.112328
0 0.442391 0.0699392 0.52504 0.0740271
0 0.419148 0.283603 0.352647 0.073742
0 0.553593 0.131531 0.422166 0.0930714
0 0.72219 0.67674 0.459814 0.169741
0 0.879141 0.20415 0.241718 0.183014
0 0.111156 0.897157 0.222312 0.179556
0 0.283478 1 0.349014 0
0 0.187221 0.185601 0.0794187 0.271256
0 0.684219 0.900486 0.070598 0.136016
