0 0.705895 0.500797 0.0401476 0.235691
0 0.575575 0.530717 0.0580427 0.228613
0 0.650605 0.525557 0.0613007 0.23082
0 0.615342 0.51249 0.0518742 0.22818
0 0.584356 0.53417 0.0450123 0.225519
0 0.566698 0.177032 0.100363 0.0572444
0 0.63232 0.521599 0.0516167 0.227822
0 0.618905 0.492052 0.0372082 0.196401
0 0.107025 0.562009 0.0556318 0.269453
0 0.590776 0.513687 0.043331 0.239773
0 0.602558 0.520255 0.0351942 0.222167
0 0.113074 0.542596 0.0597225 0.340822
0 0.192171 0.0102059 0.384342 0.0204118
0 0.597422 0.484551 0.033027 0.186823
0 0.0734304 0.919213 0.146861 0.161573
0 0.135127 0.551633 0.0905155 0.2895
0 0.0904647 0.0127673 0.180929 0.0255346
0 0.744606 0.915533 0.313317 0.168933
0 0.830007 0.500222 0.339986 0.621629
0 0.531728 0.592218 0.798002 0.377192
0 0.849146 0.949881 0.301708 0.100238
0 0.404164 0.807647 0.779174 0.311441
0 0.565207 0.345552 0.760906 0.326246
0 0.11434 0.882868 0.22868 0.229614
0 0.534008 0.176425 0.186898 0.0676322
0 0.498483 0.010193 0.592854 0.0203859
0 0.804353 0.940461 0.3381 0.119078
0 0.262892 0.0100158 0.525785 0.0200316
0 0.80203 0.833779 0.39594 0.332441
0 0.477489 0.910916 0.502065 0.178167
0 0.378038 0.908477 0.558878 0.183046
0 0.556772 0.85401 0.673812 0.291979
0 0.619837 0.215505 0.224282 0.140427
0 0.414188 0.536125 0.538891 0.228761
0 0.729672 0.240651 0.540657 0.19331
0 0.724538 0.872218 0.550924 0.255564
0 0.266709 0.0979893 0.533418 0.195979
0 0.843519 0.0246799 0.312962 0.0493597
0 0.244289 0.558831 0.276458 0.280919
0 0.733456 0.0487167 0.533089 0.0974334
0 0.561547 0.285526 0.795615 0.14851
0 0.267463 0.921794 0.491664 0.149285
0 0.555995 0.193237 0.75175 0.0990911
0 0.333422 0.0102786 0.666844 0.0205573
0 0.585592 0.458613 0.828816 0.677643
0 0.554783 0.230654 0.721039 0.184075
0 0.325807 0.870363 0.607159 0.258009
0 0.662308 0.0137972 0.675384 0.0275944
0 0.251852 0.702279 0.440048 0.381342
0 0.466193 0.0123757 0.788526 0.0247513
0 0.220119 0.663706 0.336589 0.423885
0 0.558399 0.1549 0.657215 0.104593
0 0.649903 0.910451 0.47271 0.179099
0 0.186999 0.715228 0.373998 0.258887
0 0.53955 0.297139 0.719024 0.302424
0 0.129751 0.908803 0.259501 0.180392
0 0.84235 0.0420466 0.315299 0.0840932
0 0.548154 0.329495 0.836779 0.474761
0 0.566183 0.908625 0.545339 0.18275
0 0.813291 0.55329 0.275579 0.552214
0 0.300858 0.590133 0.460562 0.330149
0 0.836975 0.0636943 0.32605 0.127389
0 0.858513 0.251816 0.282974 0.257764
0 0.807406 0.0180982 0.385188 0.0361965
0 0.0936101 0.898128 0.18722 0.203745
0 0.381848 0.776034 0.745241 0.193665
0 0.31543 0.819404 0.595951 0.241323
0 0.801501 0.0547063 0.396998 0.109413
0 0.215863 0.926758 0.33887 0.146484
0 0.528924 0.732976 0.804023 0.264287
0 0.0831269 0.861332 0.166254 0.277337
0 0.52364 0.798565 0.717461 0.313219
0 0.909882 0.242188 0.180236 0.287263
0 0.788205 0.0903206 0.42359 0.158451
0 0.567922 0.720594 0.686513 0.380386
0 0.556202 0.0628064 0.745488 0.11759
0 0.687713 0.146802 0.624574 0.286333
0 0.81405 0.885456 0.371901 0.229088
0 0.105878 0.117258 0.211756 0.234516
0 0.0665982 0.571172 0.133196 0.739079
0 0.728621 0.476061 0.542758 0.679829
0 0.616022 0.0108238 0.737957 0.0216475
0 0.668778 0.171571 0.568903 0.139408
0 0.456476 0.763664 0.787974 0.255678
0 0.598633 0.259964 0.228774 0.146749
0 0.666436 0.0583788 0.667128 0.116758
0 0.550671 0.155006 0.792453 0.126159
0 0.464061 0.684177 0.784522 0.353329
0 0.194279 0.900738 0.371821 0.198525
0 0.74304 0.650407 0.513921 0.656449
0 0.562137 0.284798 0.731963 0.0993371
0 0.492776 0.272858 0.691897 0.438274
0 0.357149 0.926296 0.127307 0.147408
0 0.603691 0.203384 0.792617 0.213923
0 0.867074 0.879836 0.265852 0.240327
0 0.670985 0.916681 0.230647 0.166639
0 0.694076 0.387481 0.611848 0.580166
0 0.560033 0.111216 0.781304 0.127015
0 0.726429 0.565563 0.377478 0.28855
0 0.87806 0.188259 0.243879 0.22852
0 0.149499 0.8684 0.298998 0.258172
0 0.766409 0.495671 0.305656 0.499059
0 0.113675 0.435604 0.14386 0.532336
0 0.607803 0.1532 0.440794 0.0998568
0 0.662969 0.843384 0.674062 0.313232
0 0.848727 0.203931 0.302545 0.167751
0 0.421997 0.923568 0.09489 0.152865
0 0.650543 0.526896 0.0439625 0.224903
0 0.591901 0.135012 0.784009 0.221921
0 0.20127 0.771659 0.402539 0.14851
0 0.625054 0.918845 0.188781 0.162309
0 0.847319 0.0805908 0.305362 0.151283
0 0.41189 0.179778 0.0968436 0.0372461
0 0.125495 0.540188 0.246975 0.426584
0 0.516419 0.0481242 0.870811 0.0950952
0 0.876999 0.916092 0.246001 0.167816
0 0.609768 0.797162 0.626816 0.37284
0 0.567423 0.921051 0.144208 0.157898
0 0.0794392 0.528883 0.150545 0.485766
0 0.240493 0.156155 0.480987 0.306099
0 0.517866 0.922928 0.0943145 0.154144
0 0.51607 0.188257 0.739503 0.198159
0 0.104626 0.23172 0.209252 0.402656
0 0.781306 0.471754 0.27849 0.308853
0 0.910789 0.348325 0.178423 0.415559
0 0.0866542 0.805003 0.173308 0.389994
0 0.694411 0.283192 0.611177 0.372292
0 0.215867 0.809956 0.431733 0.170935
0 0.650749 0.233918 0.698501 0.37375
0 0.0815056 0.728025 0.163011 0.533161
0 0.857958 0.46163 0.284085 0.587953
0 0.692851 0.20107 0.614298 0.272011
0 0.160932 0.697194 0.321864 0.343202
0 0.820174 0.268628 0.359653 0.276687
0 0.192347 0.854819 0.384695 0.222764
0 0.395566 0.306727 0.791132 0.586496
0 0.594907 0.0820771 0.775782 0.159936
0 0.838335 0.336502 0.32333 0.410176
0 0.295904 0.0722227 0.591809 0.144445
0 0.126043 0.722637 0.252085 0.404426
0 0.469298 0.922853 0.0934231 0.154294
0 0.374664 0.477715 0.736854 0.456295
0 0.459728 0.157107 0.774857 0.254367
0 0.115747 0.830143 0.231494 0.297508
0 0.561848 0.240519 0.118012 0.0272937
0 0.857593 0.352763 0.284814 0.417136
0 0.621432 0.539876 0.178716 0.245794
0 0.546212 0.254503 0.236846 0.0741805
0 0.4804 0.24048 0.694834 0.275614
0 0.709405 0.912742 0.268739 0.174515
0 0.433839 0.539331 0.363003 0.244287
0 0.912448 0.418193 0.175105 0.433849
0 0.198136 0.489256 0.276062 0.426926
0 0.350596 0.546242 0.577612 0.333859
0 0.909925 0.522333 0.180149 0.439143
0 0.379092 0.736129 0.747268 0.185102
0 0.799542 0.187415 0.400916 0.15644
0 0.368489 0.19817 0.736979 0.359795
0 0.500809 0.119008 0.778675 0.167868
0 0.757347 0.551525 0.13938 0.350118
0 0.882849 0.830752 0.234302 0.338495
0 0.738627 0.542604 0.101237 0.303146
0 0.547055 0.528723 0.125207 0.239662
0 0.35879 0.654438 0.680073 0.38531
0 0.709825 0.815857 0.58035 0.349334
0 0.698178 0.502898 0.0448672 0.233066
0 0.541677 0.479058 0.792566 0.260371
0 0.857367 0.299568 0.285267 0.332241
0 0.133414 0.850535 0.266828 0.207836
0 0.0755447 0.456921 0.151089 0.486828
0 0.543432 0.181303 0.0528858 0.0470392
0 0.841297 0.0780434 0.317406 0.156087
0 0.103206 0.290621 0.206412 0.432122
0 0.429322 0.396565 0.78363 0.57258
0 0.137759 0.801109 0.275517 0.205741
0 0.544736 0.191301 0.0580072 0.0286197
0 0.198118 0.468315 0.396236 0.468156
0 0.908854 0.628429 0.182292 0.493102
0 0.099118 0.423232 0.198236 0.601435
0 0.698007 0.502791 0.592168 0.229916
0 0.111857 0.495447 0.223714 0.406472
0 0.169399 0.831227 0.338799 0.18192
0 0.333224 0.924238 0.186595 0.149939
0 0.375256 0.0378134 0.750513 0.0756268
0 0.899878 0.752352 0.200244 0.448689
0 0.415603 0.923835 0.16923 0.15233
0 0.877022 0.86676 0.245957 0.26648
0 0.592851 0.278276 0.19448 0.0808496
0 0.402533 0.16104 0.0938619 0.02584
0 0.544621 0.432995 0.896341 0.449248
0 0.680274 0.913521 0.156702 0.172958
0 0.542333 0.539298 0.218422 0.239448
0 0.607445 0.498072 0.0612282 0.215665
0 0.331411 0.131036 0.214773 0.0676184
0 0.0850329 0.538728 0.170066 0.314528
0 0.123397 0.237031 0.246794 0.319121
0 0.794319 0.726029 0.411361 0.547942
0 0.445251 0.584123 0.803633 0.442095
0 0.154176 0.412471 0.308353 0.562329
0 0.594753 0.0516894 0.358602 0.0894054
0 0.867086 0.585093 0.265828 0.694786
0 0.488735 0.926173 0.0797485 0.147654
0 0.574133 0.23804 0.118683 0.0228085
0 0.844763 0.568222 0.310474 0.829646
0 0.545808 0.278436 0.115569 0.0803446
0 0.695046 0.527927 0.0814313 0.218462
0 0.139803 0.186812 0.279606 0.314362
0 0.604991 0.506411 0.125177 0.247251
0 0.446349 0.925462 0.134534 0.149077
0 0.343851 0.23944 0.687702 0.47888
0 0.582943 0.179844 0.105636 0.0531456
0 0.088695 0.470105 0.17739 0.479502
0 0.500792 0.504602 0.827449 0.49569
0 0.614152 0.523209 0.0370232 0.218861
0 0.570584 0.520566 0.0429277 0.206621
0 0.419557 0.175157 0.0977167 0.0485571
0 0.623599 0.91397 0.110628 0.167266
0 0.538269 0.917788 0.0790867 0.147619
0 0.11899 0.303998 0.237979 0.318183
0 0.595012 0.536711 0.0379663 0.219518
0 0.265741 0.349454 0.531481 0.630441
0 0.544055 0.0567499 0.415466 0.08678
0 0.657636 0.256224 0.159282 0.0649228
0 0.490918 0.917686 0.0323204 0.121346
0 0.880918 0.712644 0.238165 0.574712
0 0.468835 0.0583539 0.492264 0.0899743
0 0.564929 0.917407 0.0795324 0.157627
0 0.501229 0.91044 0.0165407 0.0873676
0 0.507847 0.926723 0.0385584 0.129742
0 0.156046 0.366927 0.312092 0.363922
0 0.333227 0.242599 0.255701 0.0247056
0 0.465004 0.921347 0.0671549 0.152188
0 0.146452 0.00558829 0.292903 0.0111766
0 0.504827 0.274965 0.0936974 0.0557043
0 0.54595 0.221511 0.15322 0.0428416
0 0.506958 0.92085 0.0487007 0.152849
0 0.543495 0.196612 0.0537449 0.018187
0 0.192019 0.247806 0.384038 0.299502
0 0.591663 0.176913 0.143378 0.0572475
0 0.281482 0.207399 0.562963 0.405898
0 0.333477 0.0847521 0.345145 0.0573282
0 0.261377 0.192838 0.522755 0.314371
0 0.367619 0.0605099 0.507391 0.0933951
0 0.594598 0.466729 0.0315296 0.151406
0 0.60585 0.540471 0.026034 0.176528
0 0.499786 0.268062 0.0739482 0.0457348
0 0.710941 0.511462 0.0388678 0.208386
0 0.571002 0.167089 0.30641 0.0761609
0 0.514254 0.783691 0.420994 0.118321
0 0.358419 0.923486 0.0650887 0.141305
0 0.618615 0.0198449 0.319975 0.0381477
0 0.64092 0.471133 0.0789367 0.125127
0 0.447452 0.0733298 0.503917 0.0752018
0 0.160481 0.311582 0.320963 0.279594
0 0.0356007 0.999963 0.0712013 7.40051e-05
0 0.414351 0.162969 0.0497807 0.0262521
0 0.501104 0.921387 0.0201073 0.122087
0 0.210461 0.00456762 0.334157 0.00913524
0 0.487297 0.925331 0.0429344 0.135726
0 0.240157 0.921011 0.197133 0.153625
0 0.447875 0.0352133 0.434078 0.0701028
0 0.598948 0.533935 0.0229879 0.203148
0 0.594741 0.24373 0.28641 0.0369799
0 0.0847134 0.00412732 0.169427 0.00825464
0 0.608831 0.28355 0.270195 0.0716015
0 0.579792 0.161337 0.0647419 0.0460414
0 0.0711939 0.00792634 0.142388 0.0158527
0 0.452694 0.470809 0.218888 0.0664288
0 0.220607 0.93565 0.153955 0.125344
0 0.48556 0.918945 0.0315919 0.13764
0 0.571846 0.215029 0.216948 0.0346863
0 0.600004 0.256201 0.271079 0.0619672
0 0.323713 0.0748021 0.365689 0.0747026
0 0.40997 0.925436 0.0626709 0.134663
0 0.493668 0.164291 0.247641 0.0793334
0 0.436192 0.919365 0.087184 0.151087
0 0.564578 0.0406564 0.393276 0.0792042
0 0.324158 0.136691 0.295309 0.069893
0 0.150584 0.037944 0.206448 0.0748305
0 0.949499 0.234424 0.101002 0.217723
0 0.31973 0.0882427 0.251381 0.0668198
0 0.363149 0.302908 0.247762 0.0778008
0 0.757068 0.113613 0.0689405 0.176362
0 0.528432 0.277272 0.12247 0.0715935
0 0.323593 0.00781203 0.37413 0.0156241
0 0.587337 0.187283 0.311524 0.0764466
0 0.401807 0.0105076 0.378534 0.0210152
0 0.851743 0.320648 0.0402355 0.12836
0 0.337566 0.924904 0.0609466 0.139631
0 0.441779 0.183157 0.0429059 0.0371018
0 0.170312 0.043216 0.118868 0.0841072
0 0.632267 0.915958 0.0706757 0.151787
0 0.407802 0.561302 0.469072 0.155323
0 0.467309 0.0108831 0.321169 0.0217661
0 0.384881 0.923825 0.0681704 0.13955
0 0.32916 0.218818 0.193897 0.067865
0 0.343124 0.0399515 0.461266 0.075064
0 0.387564 0.922409 0.0955167 0.146088
0 0.568159 0.218882 0.127729 0.0430807
0 0.435737 0.498677 0.456339 0.139702
