0 0.281686 0.630798 0.0674601 0.310778
0 0.45936 0.648598 0.0601014 0.258044
0 0.540411 0.508287 0.0411976 0.186158
0 0.49664 0.495737 0.0451612 0.202504
0 0.447055 0.494088 0.0439776 0.191121
0 0.567129 0.176073 0.101815 0.0590423
0 0.55292 0.278644 0.107178 0.0792888
0 0.0852776 0.575236 0.0519417 0.264435
0 0.0957726 0.571965 0.0445347 0.284735
0 0.503793 0.497656 0.0323107 0.193277
0 0.511851 0.275189 0.180481 0.0810067
0 0.430309 0.646799 0.112786 0.275432
0 0.601697 0.579455 0.644021 0.339128
0 0.149251 0.0105761 0.298503 0.0211523
0 0.558599 0.243445 0.104394 0.0286718
0 0.519952 0.430989 0.903796 0.320868
0 0.0708938 0.921105 0.141788 0.157791
0 0.129345 0.898993 0.25869 0.200438
0 0.508298 0.277437 0.753948 0.0860763
0 0.114632 0.858502 0.229263 0.278967
0 0.644949 0.642636 0.469502 0.29132
0 0.631969 0.783467 0.504711 0.183273
0 0.0855322 0.0129248 0.171064 0.0258497
0 0.510042 0.820902 0.555966 0.358195
0 0.573858 0.871722 0.566685 0.256556
0 0.540443 0.282022 0.710522 0.144997
0 0.84897 0.956382 0.302061 0.0872366
0 0.805276 0.839947 0.389448 0.320106
0 0.17519 0.866032 0.342817 0.224252
0 0.794185 0.914141 0.363099 0.171719
0 0.746219 0.923475 0.306184 0.15305
0 0.537046 0.1956 0.715744 0.102383
0 0.223107 0.0104956 0.446215 0.0209913
0 0.583614 0.274715 0.370491 0.0823849
0 0.685293 0.208523 0.419125 0.129263
0 0.807916 0.949588 0.325423 0.100823
0 0.543761 0.176057 0.299774 0.0693109
0 0.506688 0.00912794 0.538705 0.0182559
0 0.561385 0.156267 0.686878 0.101597
0 0.197773 0.924454 0.392626 0.14561
0 0.680001 0.599228 0.539024 0.364181
0 0.253261 0.910313 0.4502 0.179375
0 0.700546 0.241755 0.598908 0.203134
0 0.535548 0.221757 0.691748 0.163774
0 0.245919 0.0943312 0.491838 0.188662
0 0.548992 0.160766 0.778232 0.129754
0 0.84265 0.0228092 0.3147 0.0456184
0 0.529825 0.371123 0.907744 0.150937
0 0.292968 0.0102126 0.585936 0.0204252
0 0.634458 0.585905 0.43721 0.296143
0 0.473597 0.0140394 0.749675 0.0280787
0 0.0932194 0.899088 0.186439 0.201824
0 0.661913 0.0136288 0.676174 0.0272575
0 0.286184 0.771978 0.400455 0.456044
0 0.82206 0.89097 0.35588 0.21806
0 0.641787 0.50954 0.584634 0.31732
0 0.251266 0.532571 0.466434 0.29629
0 0.480092 0.914902 0.306838 0.170197
0 0.730662 0.0477991 0.538676 0.0955981
0 0.343202 0.91532 0.332998 0.169359
0 0.597754 0.913212 0.398831 0.173576
0 0.703085 0.915764 0.268007 0.168471
0 0.404926 0.0107747 0.74212 0.0215495
0 0.842807 0.0430949 0.314386 0.0861897
0 0.696297 0.913234 0.392552 0.173532
0 0.839505 0.0683874 0.32099 0.136775
0 0.809133 0.0172197 0.381735 0.0344393
0 0.0792277 0.861596 0.158455 0.276808
0 0.103147 0.118771 0.206295 0.237541
0 0.491306 0.521254 0.524417 0.257042
0 0.618836 0.010402 0.735975 0.0208041
0 0.484161 0.494503 0.162722 0.212691
0 0.732042 0.868559 0.535917 0.262882
0 0.608082 0.152625 0.493598 0.0956352
0 0.496703 0.343955 0.862875 0.122571
0 0.64621 0.288928 0.707579 0.286419
0 0.198833 0.152132 0.397665 0.304264
0 0.805114 0.0526086 0.389771 0.105217
0 0.599248 0.254812 0.328861 0.105554
0 0.242182 0.923381 0.282012 0.153238
0 0.556801 0.0683532 0.712603 0.131193
0 0.569942 0.116018 0.752761 0.135243
0 0.591435 0.567246 0.75231 0.502511
0 0.355507 0.924567 0.132715 0.150867
0 0.421243 0.923242 0.0966621 0.153516
0 0.797044 0.106463 0.405913 0.184142
0 0.667159 0.0553107 0.665682 0.110621
0 0.239907 0.599438 0.15319 0.281879
0 0.751247 0.91142 0.274553 0.174842
0 0.481457 0.266329 0.470245 0.0803474
0 0.856017 0.883096 0.287965 0.233808
0 0.489987 0.330922 0.918198 0.557814
0 0.695628 0.148103 0.608743 0.287646
0 0.671028 0.167554 0.607176 0.128359
0 0.515115 0.922686 0.0992947 0.154628
0 0.696131 0.407748 0.607738 0.586723
0 0.0568288 0.689222 0.113658 0.58557
0 0.810305 0.507169 0.379389 0.582374
0 0.106536 0.21888 0.213072 0.374902
0 0.446909 0.168422 0.734499 0.279446
0 0.606953 0.134372 0.786094 0.219807
0 0.728127 0.488569 0.543745 0.627217
0 0.552901 0.375923 0.858338 0.43693
0 0.154524 0.805638 0.309049 0.232039
0 0.192184 0.584068 0.241729 0.24613
0 0.480829 0.275258 0.68632 0.437754
0 0.621421 0.672427 0.613445 0.358079
0 0.506131 0.189921 0.721077 0.200443
0 0.603777 0.826095 0.680049 0.34781
0 0.368457 0.584506 0.235634 0.327496
0 0.414905 0.915403 0.267061 0.169193
0 0.618167 0.919959 0.185019 0.160081
0 0.564735 0.921563 0.15397 0.156873
0 0.621925 0.204947 0.75615 0.213417
0 0.575422 0.23804 0.118788 0.0213676
0 0.875305 0.922715 0.24939 0.15457
0 0.468387 0.922707 0.0954779 0.154586
0 0.132519 0.864053 0.265039 0.214433
0 0.663395 0.918084 0.218759 0.163833
0 0.524794 0.475095 0.849021 0.24552
0 0.139657 0.580562 0.160852 0.275019
0 0.386348 0.5257 0.464757 0.267827
0 0.0849426 0.573833 0.0763983 0.488115
0 0.557966 0.264281 0.229233 0.0768404
0 0.132333 0.694798 0.264665 0.401204
0 0.0842051 0.81779 0.16841 0.360216
0 0.169716 0.746426 0.301177 0.213253
0 0.863336 0.182265 0.273329 0.281774
0 0.0612125 0.653671 0.122425 0.564362
0 0.499965 0.655869 0.248237 0.247991
0 0.605484 0.0862601 0.781128 0.171244
0 0.267206 0.581033 0.114491 0.203819
0 0.5809 0.179129 0.105886 0.057152
0 0.846292 0.0985924 0.307415 0.184687
0 0.155781 0.711572 0.311563 0.314981
0 0.349119 0.191643 0.698238 0.348868
0 0.546079 0.508087 0.0694954 0.20588
0 0.896574 0.29296 0.206852 0.321102
0 0.101498 0.712119 0.202997 0.527378
0 0.291282 0.0690597 0.582564 0.138119
0 0.883477 0.242351 0.233046 0.326677
0 0.603883 0.821957 0.647019 0.282715
0 0.844028 0.198375 0.311944 0.200857
0 0.177625 0.659391 0.279785 0.29828
0 0.654317 0.24095 0.691367 0.332326
0 0.873089 0.902548 0.253821 0.194904
0 0.476447 0.0484497 0.801147 0.0958899
0 0.659651 0.339347 0.680699 0.423146
0 0.469302 0.641514 0.116659 0.245564
0 0.881607 0.861322 0.236787 0.277356
0 0.1551 0.670126 0.310199 0.460342
0 0.320562 0.559859 0.150508 0.221759
0 0.0598528 0.534539 0.119706 0.61055
0 0.644959 0.190039 0.710082 0.295921
0 0.904441 0.346453 0.191117 0.349166
0 0.445813 0.502911 0.0279327 0.202625
0 0.854675 0.247086 0.29065 0.285189
0 0.364841 0.528551 0.232307 0.257204
0 0.190176 0.527251 0.371905 0.346003
0 0.87908 0.529776 0.24184 0.528236
0 0.357727 0.63016 0.223366 0.310165
0 0.319198 0.242257 0.229516 0.0221313
0 0.84249 0.301233 0.315019 0.350865
0 0.105431 0.276373 0.210861 0.399613
0 0.905446 0.524158 0.189108 0.453189
0 0.41677 0.771725 0.402829 0.346129
0 0.381091 0.378004 0.762183 0.601487
0 0.84855 0.0894108 0.3029 0.178822
0 0.601497 0.0508638 0.3412 0.092469
0 0.653381 0.256496 0.167655 0.0654756
0 0.904002 0.627682 0.191995 0.444021
0 0.712657 0.638169 0.574686 0.474389
0 0.177371 0.59428 0.186568 0.320418
0 0.414378 0.180826 0.0945426 0.0376981
0 0.369258 0.791788 0.248586 0.378538
0 0.640205 0.671341 0.636571 0.484481
0 0.366218 0.922521 0.222877 0.154958
0 0.661316 0.917534 0.160432 0.164933
0 0.906629 0.426155 0.186742 0.414026
0 0.0797854 0.574859 0.112734 0.282913
0 0.0961898 0.480323 0.19238 0.58303
0 0.363953 0.0379531 0.727906 0.0759063
0 0.819959 0.190521 0.360082 0.199166
0 0.892019 0.765055 0.215961 0.469891
0 0.375782 0.278554 0.732252 0.557109
0 0.30912 0.0517224 0.618239 0.103445
0 0.443278 0.495368 0.159526 0.213914
0 0.829639 0.424077 0.340722 0.576099
0 0.105495 0.348796 0.21099 0.465031
0 0.412989 0.496993 0.177369 0.217837
0 0.887412 0.828714 0.225176 0.342573
0 0.875944 0.881962 0.248113 0.236076
0 0.419854 0.503138 0.0325138 0.172872
0 0.276688 0.57416 0.0773534 0.181281
0 0.279799 0.16298 0.559597 0.312021
0 0.542749 0.192209 0.0549336 0.0269303
0 0.145055 0.553657 0.290111 0.330087
0 0.667018 0.781645 0.665964 0.436711
0 0.862774 0.345648 0.274453 0.317952
0 0.189529 0.437048 0.379058 0.507241
0 0.74448 0.713376 0.511039 0.494962
0 0.532838 0.277911 0.129236 0.0789986
0 0.900007 0.688396 0.199986 0.405507
0 0.703945 0.911928 0.217204 0.170425
0 0.118924 0.227539 0.237847 0.331607
0 0.803041 0.613282 0.393917 0.692648
0 0.427324 0.922943 0.149628 0.154115
0 0.58719 0.168424 0.29759 0.0759917
0 0.860836 0.414323 0.278328 0.500459
0 0.856735 0.299696 0.28653 0.30253
0 0.062876 0.640755 0.121373 0.464471
0 0.305044 0.338308 0.610088 0.625758
0 0.450206 0.511374 0.0334314 0.228337
0 0.547281 0.502139 0.0297233 0.189528
0 0.879677 0.644813 0.240646 0.485827
0 0.492634 0.924608 0.0959751 0.150783
0 0.578785 0.256091 0.314349 0.0583673
0 0.595475 0.177542 0.150134 0.0590605
0 0.137882 0.498424 0.275763 0.415426
0 0.401335 0.643374 0.164799 0.281882
0 0.458544 0.924788 0.131975 0.150424
0 0.558812 0.169576 0.180792 0.0753355
0 0.540929 0.180305 0.0485198 0.0493912
0 0.451542 0.548548 0.0488934 0.312001
0 0.468147 0.546774 0.109817 0.213166
0 0.208795 0.353258 0.417591 0.588991
0 0.3112 0.233265 0.6224 0.466529
0 0.0644903 0.535616 0.128981 0.399273
0 0.100212 0.559991 0.200424 0.313097
0 0.120856 0.329429 0.241712 0.350248
0 0.532311 0.502556 0.0258824 0.192536
0 0.224067 0.631148 0.184551 0.303378
0 0.457672 0.509458 0.0615419 0.234821
0 0.513256 0.276625 0.108318 0.0607253
0 0.225434 0.320126 0.450867 0.435196
0 0.626455 0.0216155 0.293927 0.0413872
0 0.574728 0.0639192 0.383254 0.0753835
0 0.147081 0.423974 0.294163 0.425632
0 0.59742 0.245274 0.284434 0.0408699
0 0.870494 0.729093 0.259012 0.541814
0 0.92823 0.308485 0.143541 0.149266
0 0.48955 0.92427 0.0447157 0.140095
0 0.636553 0.39318 0.264164 0.125852
0 0.320734 0.628179 0.151414 0.3017
0 0.549634 0.221193 0.14227 0.0422405
0 0.33972 0.255966 0.317035 0.0306398
0 0.539779 0.055557 0.418486 0.0884656
0 0.620993 0.914746 0.114543 0.162996
0 0.577304 0.21717 0.241032 0.0430326
0 0.511911 0.266817 0.0988838 0.0462108
0 0.433526 0.0582073 0.498816 0.0901292
0 0.417384 0.176445 0.123128 0.0490275
0 0.473497 0.50124 0.106037 0.209424
0 0.15282 0.338787 0.30564 0.313512
0 0.568806 0.918396 0.0929988 0.157447
0 0.45709 0.589816 0.0637944 0.305445
0 0.240669 0.922287 0.195208 0.151407
0 0.540205 0.917481 0.08655 0.148864
0 0.508186 0.920812 0.0565404 0.155545
0 0.151692 0.00513865 0.303385 0.0102773
0 0.35056 0.303739 0.300679 0.0778459
0 0.256922 0.214113 0.513844 0.39358
0 0.173984 0.241041 0.347968 0.307291
0 0.293136 0.572499 0.0500108 0.187773
0 0.0848192 0.00307944 0.169638 0.00615888
0 0.209271 0.00420067 0.330679 0.00840134
0 0.483598 0.167153 0.274267 0.0735772
0 0.494996 0.918651 0.0283181 0.127219
0 0.413293 0.162475 0.0876501 0.0254592
0 0.627601 0.915817 0.079875 0.152418
0 0.229097 0.190646 0.458194 0.317214
0 0.0365846 0.999967 0.0731692 6.59943e-05
0 0.0715871 0.00675518 0.143174 0.0135104
0 0.526093 0.786531 0.40003 0.108485
0 0.541559 0.196651 0.0509481 0.0181233
0 0.220676 0.938129 0.154553 0.120539
0 0.429005 0.0368255 0.441801 0.0712828
0 0.591039 0.188212 0.320433 0.0771628
0 0.586861 0.0324336 0.370212 0.0629766
0 0.329806 0.243261 0.166245 0.0247685
0 0.380178 0.300607 0.403246 0.0826313
0 0.665993 0.00556187 0.283174 0.0111237
0 0.428096 0.0724387 0.488065 0.0788815
0 0.683487 0.510533 0.326878 0.155496
0 0.757403 0.111989 0.0687269 0.171142
0 0.548217 0.176722 0.0650723 0.0544383
0 0.3076 0.00708658 0.346031 0.0141732
0 0.612755 0.411374 0.328462 0.167459
0 0.58808 0.222858 0.323968 0.130512
0 0.285848 0.563659 0.0519081 0.172317
0 0.339194 0.228417 0.293754 0.0515698
0 0.350736 0.0726666 0.44009 0.0853508
0 0.562788 0.0419844 0.392747 0.08239
0 0.702696 0.00742211 0.370218 0.0148442
0 0.464891 0.011149 0.321713 0.0222979
0 0.381756 0.00901314 0.365492 0.0180263
0 0.613212 0.283539 0.264749 0.0406909
0 0.517688 0.0103633 0.312409 0.0207265
0 0.088517 0.612097 0.043005 0.192237
0 0.650604 0.907449 0.0246422 0.12073
