0 0.248351 0.618326 0.0870231 0.314203
0 0.457134 0.63675 0.0862527 0.363329
0 0.777335 0.623918 0.0825531 0.323333
0 0.239821 0.510583 0.0588474 0.220979
0 0.23031 0.512847 0.0513762 0.216881
0 0.568061 0.178961 0.101704 0.049878
0 0.249291 0.490144 0.0536508 0.177146
0 0.548923 0.279668 0.125519 0.0732535
0 0.225161 0.476363 0.0453268 0.12157
0 0.0292242 0.57113 0.0531914 0.301983
0 0.223435 0.501523 0.0457669 0.178554
0 0.61889 0.619323 0.433107 0.378528
0 0.0394789 0.574103 0.0518251 0.303566
0 0.558501 0.240996 0.109936 0.0263167
0 0.250445 0.749809 0.452779 0.500382
0 0.664109 0.634038 0.316133 0.338587
0 0.861427 0.64151 0.277146 0.586789
0 0.190382 0.00988719 0.380764 0.0197744
0 0.0719545 0.90436 0.143909 0.191281
0 0.138092 0.572918 0.273658 0.33123
0 0.500156 0.279106 0.656578 0.0945203
0 0.623408 0.576344 0.520294 0.312353
0 0.517578 0.272876 0.158639 0.0808904
0 0.232798 0.506881 0.0770681 0.260427
0 0.639674 0.255306 0.193115 0.0664041
0 0.85575 0.956992 0.2885 0.0860157
0 0.546977 0.608549 0.273323 0.314557
0 0.112511 0.856071 0.225023 0.286009
0 0.124767 0.910967 0.249535 0.178065
0 0.0879681 0.0123176 0.175936 0.0246353
0 0.338246 0.910007 0.344538 0.179986
0 0.796789 0.511919 0.406422 0.575874
0 0.739318 0.91185 0.285861 0.176301
0 0.539034 0.208213 0.722451 0.137194
0 0.557619 0.366156 0.854013 0.484626
0 0.606756 0.465014 0.549411 0.388213
0 0.257674 0.885987 0.447299 0.228027
0 0.503438 0.0108556 0.610105 0.0217111
0 0.251127 0.0100887 0.502254 0.0201774
0 0.102764 0.557375 0.199564 0.34427
0 0.803188 0.941274 0.302212 0.117452
0 0.545523 0.152671 0.698531 0.106849
0 0.414079 0.178337 0.0911215 0.0408652
0 0.268397 0.0955063 0.536794 0.191013
0 0.676711 0.596951 0.409145 0.311749
0 0.535184 0.323126 0.744482 0.240465
0 0.561916 0.280416 0.192188 0.0741255
0 0.0951348 0.889344 0.19027 0.221313
0 0.844835 0.0269407 0.31033 0.0538813
0 0.322348 0.773958 0.33896 0.450499
0 0.717724 0.0486958 0.564552 0.0973916
0 0.208878 0.925233 0.411022 0.147724
0 0.319511 0.0107151 0.639022 0.0214301
0 0.138304 0.47745 0.276609 0.301168
0 0.844528 0.0643558 0.310944 0.128712
0 0.713143 0.230819 0.573713 0.190007
0 0.698925 0.0144575 0.60215 0.0289151
0 0.469309 0.0169526 0.77759 0.0339052
0 0.544164 0.16636 0.787827 0.151378
0 0.571828 0.272233 0.402463 0.0860854
0 0.630682 0.215546 0.316765 0.142044
0 0.633844 0.723924 0.371982 0.396673
0 0.545206 0.177889 0.377712 0.0718543
0 0.117929 0.882129 0.235859 0.235743
0 0.573746 0.237951 0.130166 0.0230029
0 0.761416 0.446414 0.477167 0.538052
0 0.628945 0.838975 0.404218 0.317574
0 0.53753 0.245026 0.711312 0.227399
0 0.771368 0.871354 0.299067 0.257291
0 0.842739 0.0453177 0.314523 0.0906354
0 0.429681 0.562805 0.466423 0.296499
0 0.81016 0.0552388 0.37968 0.110478
0 0.172648 0.858173 0.332671 0.254698
0 0.815031 0.018358 0.369939 0.0367159
0 0.414578 0.0127591 0.829155 0.0255181
0 0.789651 0.103973 0.420699 0.179865
0 0.581878 0.642314 0.334927 0.364179
0 0.81991 0.757906 0.360179 0.484187
0 0.831402 0.0956889 0.337196 0.167259
0 0.196232 0.912646 0.360634 0.174707
0 0.490287 0.264982 0.450204 0.0803426
0 0.677904 0.912556 0.300425 0.174887
0 0.873634 0.524888 0.252733 0.551829
0 0.105494 0.1139 0.210987 0.2278
0 0.426443 0.640014 0.139831 0.369258
0 0.637709 0.0127667 0.724582 0.0255333
0 0.0810942 0.857814 0.162188 0.284372
0 0.561952 0.0711415 0.752158 0.138875
0 0.42026 0.922968 0.101126 0.154064
0 0.574911 0.251971 0.262279 0.0894454
0 0.0434644 0.683639 0.0686579 0.569252
0 0.171069 0.622018 0.223938 0.318727
0 0.0998487 0.157443 0.199697 0.314885
0 0.865662 0.878525 0.268675 0.24295
0 0.58464 0.183124 0.101219 0.0469589
0 0.236579 0.922962 0.303172 0.154077
0 0.653776 0.916837 0.233728 0.166326
0 0.567448 0.176368 0.253086 0.0785059
0 0.544571 0.191415 0.0579192 0.0254461
0 0.764211 0.730002 0.471578 0.539995
0 0.36118 0.923969 0.12918 0.152062
0 0.544662 0.109947 0.741565 0.113877
0 0.245731 0.154989 0.491462 0.307292
0 0.829797 0.817873 0.329776 0.364254
0 0.365052 0.621336 0.263478 0.329224
0 0.564489 0.134985 0.72892 0.167533
0 0.0691326 0.713779 0.138265 0.572442
0 0.653407 0.183183 0.613903 0.167542
0 0.690415 0.147187 0.619171 0.284626
0 0.726946 0.617185 0.190563 0.276394
0 0.643348 0.290059 0.713303 0.295915
0 0.131984 0.625561 0.243382 0.408618
0 0.148637 0.886871 0.297274 0.2235
0 0.880715 0.921483 0.238569 0.157034
0 0.104755 0.219525 0.209511 0.377333
0 0.515979 0.051332 0.844556 0.102664
0 0.610792 0.918824 0.19435 0.162351
0 0.61018 0.75158 0.467602 0.465278
0 0.635759 0.204438 0.728483 0.211391
0 0.464822 0.922701 0.1011 0.154599
0 0.476643 0.273559 0.720319 0.489386
0 0.60191 0.145524 0.769661 0.231884
0 0.550878 0.489919 0.742416 0.445234
0 0.555294 0.259164 0.206762 0.0718646
0 0.410345 0.333219 0.82069 0.623211
0 0.713856 0.362857 0.572289 0.494917
0 0.69694 0.492337 0.60612 0.727848
0 0.86507 0.180961 0.26986 0.260396
0 0.754597 0.909593 0.230865 0.180815
0 0.23528 0.537477 0.0604996 0.246014
0 0.558173 0.920848 0.169386 0.158303
0 0.455671 0.159888 0.778969 0.261524
0 0.862461 0.785055 0.275077 0.429891
0 0.844204 0.190943 0.311592 0.164181
0 0.713398 0.259643 0.573203 0.308855
0 0.644939 0.419164 0.710122 0.591772
0 0.115004 0.744137 0.230009 0.505078
0 0.295362 0.0691031 0.590723 0.138206
0 0.512213 0.922592 0.106564 0.154816
0 0.896933 0.545933 0.206134 0.445888
0 0.134106 0.717261 0.268212 0.535127
0 0.837498 0.510985 0.202637 0.524568
0 0.444077 0.431123 0.888153 0.547455
0 0.531599 0.523856 0.676805 0.323983
0 0.198728 0.486726 0.168866 0.236535
0 0.908772 0.639868 0.182455 0.451509
0 0.704644 0.20041 0.590713 0.271114
0 0.766162 0.62684 0.118066 0.321808
0 0.600765 0.0532485 0.351949 0.0885423
0 0.360844 0.923078 0.262873 0.153845
0 0.881423 0.248136 0.237155 0.351305
0 0.831335 0.257715 0.33733 0.279098
0 0.351436 0.484182 0.310022 0.283932
0 0.475241 0.207723 0.696624 0.259533
0 0.422266 0.36626 0.571243 0.482871
0 0.525404 0.908552 0.238174 0.182897
0 0.0947842 0.804452 0.189568 0.391097
0 0.867335 0.890573 0.26533 0.218854
0 0.273485 0.531764 0.150106 0.271438
0 0.0407778 0.704783 0.0815556 0.590433
0 0.241907 0.462788 0.0555718 0.114307
0 0.913562 0.483894 0.172875 0.412562
0 0.854842 0.249986 0.290315 0.286697
0 0.0996 0.701805 0.1992 0.59639
0 0.639974 0.529616 0.654277 0.43016
0 0.0326348 0.592216 0.0652697 0.336753
0 0.319709 0.242098 0.220929 0.0227485
0 0.361995 0.190197 0.72399 0.342637
0 0.243995 0.476134 0.0451446 0.146972
0 0.896539 0.343077 0.206922 0.403994
0 0.910697 0.41675 0.178607 0.413253
0 0.846887 0.0784846 0.306226 0.156969
0 0.0897746 0.449067 0.179549 0.563057
0 0.144615 0.77538 0.289231 0.174865
0 0.818108 0.185614 0.363785 0.169266
0 0.843648 0.308939 0.312704 0.369949
0 0.0338013 0.699913 0.0676025 0.58735
0 0.887593 0.827144 0.224813 0.345712
0 0.284075 0.628428 0.192092 0.3266
0 0.309794 0.0517561 0.619587 0.103512
0 0.904437 0.732784 0.191126 0.486875
0 0.827327 0.416981 0.345346 0.571163
0 0.0508295 0.500001 0.101659 0.442915
0 0.581951 0.916112 0.268624 0.167777
0 0.11627 0.488778 0.232541 0.421726
0 0.878235 0.841454 0.243529 0.317093
0 0.106942 0.337814 0.213884 0.446799
0 0.365257 0.574467 0.254393 0.239024
0 0.820432 0.639336 0.15952 0.362626
0 0.390095 0.238191 0.722219 0.476383
0 0.584613 0.480518 0.713409 0.318773
0 0.0338821 0.562165 0.0677642 0.323356
0 0.34305 0.662475 0.293996 0.389338
0 0.860419 0.334229 0.279161 0.379693
0 0.891077 0.715512 0.217846 0.568975
0 0.621999 0.0877116 0.756002 0.175423
0 0.133063 0.821272 0.266126 0.264885
0 0.430095 0.0416414 0.83645 0.0832828
0 0.236137 0.473293 0.0569608 0.115394
0 0.338129 0.0385818 0.676258 0.0771637
0 0.319416 0.308956 0.638832 0.553135
0 0.440941 0.181994 0.0438251 0.0384754
0 0.266689 0.62166 0.125676 0.322
0 0.188646 0.353878 0.377291 0.597399
0 0.563471 0.542154 0.331559 0.227472
0 0.144888 0.434024 0.289777 0.449502
0 0.444893 0.899989 0.279976 0.200022
0 0.56854 0.25461 0.335423 0.0594112
0 0.420029 0.923259 0.18397 0.153481
0 0.542138 0.178848 0.0487748 0.0467503
0 0.457636 0.638142 0.182779 0.391805
0 0.85136 0.71809 0.231193 0.511326
0 0.123384 0.229382 0.246769 0.328399
0 0.221584 0.32664 0.443167 0.470707
0 0.123671 0.336741 0.247341 0.36145
0 0.139315 0.18333 0.278629 0.320873
0 0.864504 0.401453 0.270992 0.516284
0 0.858689 0.293894 0.282623 0.325069
0 0.576816 0.0639243 0.379603 0.0746872
0 0.602397 0.176056 0.146901 0.0564498
0 0.513258 0.277145 0.124001 0.0551495
0 0.352218 0.306595 0.342711 0.0715354
0 0.154628 0.352268 0.309255 0.316714
0 0.44985 0.925141 0.151471 0.149719
0 0.237655 0.612922 0.065245 0.289836
0 0.0663165 0.55351 0.132633 0.340758
0 0.505892 0.266421 0.0838521 0.0393185
0 0.655143 0.911646 0.195628 0.174859
0 0.497628 0.924884 0.0829336 0.150233
0 0.279978 0.223109 0.559956 0.446217
0 0.339656 0.255882 0.321517 0.0351445
0 0.578023 0.218131 0.275961 0.0413017
0 0.708485 0.253288 0.0501657 0.0680378
0 0.409826 0.162012 0.0873903 0.0298471
0 0.609809 0.0261778 0.337322 0.0500443
0 0.583558 0.1656 0.300052 0.0724337
0 0.423256 0.526109 0.0236267 0.145588
0 0.236934 0.547605 0.0861743 0.315315
0 0.411886 0.0587491 0.502768 0.0905629
0 0.428538 0.564242 0.157735 0.218864
0 0.613157 0.91147 0.142648 0.17057
0 0.33069 0.243163 0.166709 0.0264904
0 0.248407 0.45547 0.0483774 0.139447
0 0.528133 0.485852 0.0285555 0.175186
0 0.549652 0.223114 0.145651 0.0471761
0 0.33211 0.131067 0.214069 0.0685637
0 0.252299 0.277247 0.504598 0.35621
0 0.192677 0.243368 0.385353 0.306948
0 0.811601 0.575659 0.143009 0.449981
0 0.563852 0.915846 0.121263 0.16159
0 0.566609 0.0433677 0.386965 0.0846239
0 0.356194 0.292927 0.2855 0.106707
0 0.256168 0.191878 0.512337 0.317629
0 0.490496 0.92541 0.044537 0.134261
0 0.585589 0.238446 0.315504 0.0958475
0 0.506649 0.920199 0.059464 0.155769
0 0.242387 0.921459 0.196004 0.153501
0 0.41485 0.163143 0.0477404 0.0261097
0 0.528601 0.0545847 0.49722 0.0899452
0 0.149357 0.00541532 0.298714 0.0108306
0 0.0350922 0.999653 0.0701845 0.00069313
0 0.594541 0.187368 0.306669 0.07204
0 0.393343 0.0393651 0.461325 0.074322
0 0.670808 0.00595455 0.304344 0.0119091
0 0.324579 0.219781 0.186358 0.0659596
0 0.0931205 0.00328356 0.186241 0.00656712
0 0.0709366 0.00704333 0.141873 0.0140867
0 0.444608 0.537348 0.0602871 0.184413
0 0.327116 0.0588667 0.454735 0.0945413
0 0.375634 0.0740111 0.455942 0.0778873
0 0.209566 0.00600751 0.339251 0.012015
0 0.562397 0.218265 0.146376 0.0417568
0 0.746705 0.26914 0.0363101 0.118634
0 0.433645 0.546154 0.0420911 0.169175
0 0.333237 0.22558 0.270396 0.0532549
0 0.539211 0.166933 0.225749 0.0695515
0 0.532504 0.27681 0.126155 0.0631861
0 0.582476 0.266974 0.317352 0.0654037
0 0.643265 0.376639 0.255373 0.106954
0 0.605619 0.276332 0.283912 0.050005
0 0.68593 0.0199833 0.421677 0.0399667
0 0.696739 0.560228 0.237324 0.170066
0 0.620385 0.225253 0.24669 0.118645
0 0.401865 0.0139725 0.368119 0.027945
0 0.580689 0.135907 0.342551 0.0736323
0 0.577379 0.384392 0.435714 0.133168
0 0.74629 0.00777764 0.363353 0.0155553
0 0.535991 0.102142 0.414253 0.0509531
0 0.471684 0.0667224 0.515854 0.0791123
0 0.596186 0.077289 0.366205 0.0648553
0 0.305354 0.00849334 0.364944 0.0169867
0 0.541843 0.196082 0.0505668 0.0162876
0 0.229611 0.941452 0.161963 0.114892
0 0.38299 0.921884 0.0956464 0.147737
0 0.336237 0.0891118 0.377553 0.0615079
0 0.491763 0.0375776 0.469906 0.0751552
0 0.995691 0.220897 0.00861778 0.215854
0 0.155298 0.522919 0.245893 0.203721
0 0.361702 0.921012 0.0690299 0.144213
0 0.576949 0.088134 0.3794 0.0469014
